blue capitol  (766,318)  (813,366)  (765,366)  (735,270)  (783,270)  (814,318)  
blue middle 1  (616,310)  (663,358)  (615,358)  (586,262)  (634,262)  (664,310)  
blue middle 2  (478,316)  (525,364)  (477,364)  (453,268)  (501,268)  (526,316)  
blue north 1  (727,168)  (774,216)  (703,120)  
blue north 2  (526,67)  (478,95)  (478,47)  (574,42)  (574,90)  (622,62)  (622,110)  
blue south 1  (720,470)  (721,518)  (768,428)  
blue south 2  (517,575)  (469,614)  (469,566)  (565,537)  (565,585)  (613,530)  (613,578)  
red capitol  (56,317)  (103,365)  (55,365)  (102,269)  (104,317)  
red middle 1  (216,320)  (263,368)  (215,368)  (182,272)  (230,272)  (264,320)  
red middle 2  (357,319)  (403,367)  (355,367)  (320,271)  (368,271)  
red north 1  (117,168)  (69,215)  (131,216)  (142,120)  
red north 2  (282,72)  (234,117)  (234,69)  (330,30)  (330,78)  (378,32)  (378,80)  
red south 1  (115,471)  (67,440)  (155,519)  
red south 2  (290,563)  (242,587)  (242,539)  (337,611)  (338,544)  (385,592)  
